{
 "metadata": {
  "name": ""
 },
 "nbformat": 3,
 "nbformat_minor": 0,
 "worksheets": [
  {
   "cells": [
    {
     "cell_type": "code",
     "collapsed": false,
     "input": [
      "import pandas as pd\n",
      "import numpy as np\n",
      "import matplotlib as mpl\n",
      "import matplotlib.pyplot as plt\n",
      "from scipy.stats import pearsonr\n",
      "import statsmodels.api as sm\n",
      "from statsmodels.formula.api import ols\n",
      "from statsmodels.graphics.api import interaction_plot, abline_plot\n",
      "from statsmodels.stats.anova import anova_lm\n",
      "%matplotlib inline"
     ],
     "language": "python",
     "metadata": {},
     "outputs": [],
     "prompt_number": 7
    },
    {
     "cell_type": "code",
     "collapsed": false,
     "input": [
      "%load_ext sql\n",
      "%sql oracle://fludb:flushot@localhost:1521/orcl"
     ],
     "language": "python",
     "metadata": {},
     "outputs": [
      {
       "metadata": {},
       "output_type": "pyout",
       "prompt_number": 2,
       "text": [
        "u'Connected: fludb@orcl'"
       ]
      }
     ],
     "prompt_number": 2
    },
    {
     "cell_type": "code",
     "collapsed": false,
     "input": [
      "%%sql select p.urban_pop, p.rural_pop, sum(f.TOTAL_A_INFECTIONS/p.total_pop) as per_cap_a, \n",
      "sum(f.total_b_infections/p.total_pop) as per_cap_b, f.country \n",
      "from flu_statistics f, population_info p\n",
      "where f.country=p.country\n",
      "and f.year=p.year\n",
      "group by f.country, p.urban_pop, p.rural_pop\n",
      "order by urban_pop"
     ],
     "language": "python",
     "metadata": {},
     "outputs": [
      {
       "output_type": "stream",
       "stream": "stdout",
       "text": [
        "0 rows affected.\n"
       ]
      },
      {
       "html": [
        "<table>\n",
        "    <tr>\n",
        "        <th>urban_pop</th>\n",
        "        <th>rural_pop</th>\n",
        "        <th>per_cap_a</th>\n",
        "        <th>per_cap_b</th>\n",
        "        <th>country</th>\n",
        "    </tr>\n",
        "    <tr>\n",
        "        <td>15.437</td>\n",
        "        <td>84.563</td>\n",
        "        <td>0.00000279412295354443278186393866596755049304</td>\n",
        "        <td>0.00000548180312790622050537115585894586096723</td>\n",
        "        <td>Uganda</td>\n",
        "    </tr>\n",
        "    <tr>\n",
        "        <td>18.22</td>\n",
        "        <td>81.78</td>\n",
        "        <td>0.00000157027514024519846314928774002076128059</td>\n",
        "        <td>3.925687850612996157873219350051903201512E-7</td>\n",
        "        <td>Niger</td>\n",
        "    </tr>\n",
        "    <tr>\n",
        "        <td>18.59</td>\n",
        "        <td>81.41</td>\n",
        "        <td>0.00000184908185009693227119238021849686308577</td>\n",
        "        <td>0.00000114770597592223382349871875630839777737</td>\n",
        "        <td>Ethiopia</td>\n",
        "    </tr>\n",
        "    <tr>\n",
        "        <td>20.319</td>\n",
        "        <td>79.681</td>\n",
        "        <td>0.00000832498137285417823877619073827322311361</td>\n",
        "        <td>0.00000991069211054068837949546516461097989717</td>\n",
        "        <td>Cambodia</td>\n",
        "    </tr>\n",
        "    <tr>\n",
        "        <td>22.227</td>\n",
        "        <td>77.773</td>\n",
        "        <td>1.559416011179141500941029591946052938743E-7</td>\n",
        "        <td>0</td>\n",
        "        <td>Chad</td>\n",
        "    </tr>\n",
        "    <tr>\n",
        "        <td>24.78</td>\n",
        "        <td>75.22</td>\n",
        "        <td>0.00000480230608090767462847680478271808314664</td>\n",
        "        <td>0.00000202914341446803153315921328847242949858</td>\n",
        "        <td>Kenya</td>\n",
        "    </tr>\n",
        "    <tr>\n",
        "        <td>26.869</td>\n",
        "        <td>73.131</td>\n",
        "        <td>0.00000900095970609998435870964279606491628004</td>\n",
        "        <td>0.00000382116213938206883152767854549925691135</td>\n",
        "        <td>Rwanda</td>\n",
        "    </tr>\n",
        "    <tr>\n",
        "        <td>28.186</td>\n",
        "        <td>71.814</td>\n",
        "        <td>0.0000036020419208000737414746015595424320243</td>\n",
        "        <td>0.00000248009443727218192035956172952101877083</td>\n",
        "        <td>Burkina Faso</td>\n",
        "    </tr>\n",
        "    <tr>\n",
        "        <td>31.669</td>\n",
        "        <td>68.331</td>\n",
        "        <td>6.580538514111306789660286279747517898289E-7</td>\n",
        "        <td>0</td>\n",
        "        <td>Mozambique</td>\n",
        "    </tr>\n",
        "    <tr>\n",
        "        <td>33.832</td>\n",
        "        <td>66.168</td>\n",
        "        <td>0.00001064347157588941363239394663895525427844</td>\n",
        "        <td>0.00001230106141147874854235693832862861355131</td>\n",
        "        <td>Madagascar</td>\n",
        "    </tr>\n",
        "    <tr>\n",
        "        <td>38.363</td>\n",
        "        <td>61.637</td>\n",
        "        <td>0.00000274480203115350305359225965827214712139</td>\n",
        "        <td>0.0000022873350259612525446602163818934559345</td>\n",
        "        <td>Mali</td>\n",
        "    </tr>\n",
        "    <tr>\n",
        "        <td>38.979</td>\n",
        "        <td>61.021</td>\n",
        "        <td>0.00000616108418652124943266683115783494807523</td>\n",
        "        <td>0.00000205369472884041647755561038594498269175</td>\n",
        "        <td>Togo</td>\n",
        "    </tr>\n",
        "    <tr>\n",
        "        <td>39.226</td>\n",
        "        <td>60.774</td>\n",
        "        <td>8.207384183549939880910855496690372327984E-7</td>\n",
        "        <td>1.641476836709987976182171099338074465597E-7</td>\n",
        "        <td>Sierra Leone</td>\n",
        "    </tr>\n",
        "    <tr>\n",
        "        <td>39.486</td>\n",
        "        <td>60.514</td>\n",
        "        <td>0.00002611438570999922440274441302303523849093</td>\n",
        "        <td>0.00000339487014229989917235677369299458100383</td>\n",
        "        <td>Bosnia and Herzegovina</td>\n",
        "    </tr>\n",
        "    <tr>\n",
        "        <td>39.5</td>\n",
        "        <td>60.5</td>\n",
        "        <td>0.00001602974774592503233568371314809732309715</td>\n",
        "        <td>0.00002274491234219092426009175514257052601617</td>\n",
        "        <td>Central African Republic</td>\n",
        "    </tr>\n",
        "    <tr>\n",
        "        <td>39.979</td>\n",
        "        <td>60.021</td>\n",
        "        <td>0.00011339941356303271688794980803099275401</td>\n",
        "        <td>0.00000848567040267591759025474753973415166053</td>\n",
        "        <td>Mauritius</td>\n",
        "    </tr>\n",
        "    <tr>\n",
        "        <td>43.079</td>\n",
        "        <td>56.921</td>\n",
        "        <td>0.00000757078328597466405533605787191649779812</td>\n",
        "        <td>0.00002518877429726149909999660376076890856193</td>\n",
        "        <td>Senegal</td>\n",
        "    </tr>\n",
        "    <tr>\n",
        "        <td>44.633</td>\n",
        "        <td>55.367</td>\n",
        "        <td>0.00000394334695068602752452106272712484252275</td>\n",
        "        <td>0.00000593534695670268060391830059958996915792</td>\n",
        "        <td>Philippines</td>\n",
        "    </tr>\n",
        "    <tr>\n",
        "        <td>46.094</td>\n",
        "        <td>53.906</td>\n",
        "        <td>4.319894649865194807521190019234762917988E-7</td>\n",
        "        <td>6.508641272463560176665259628980376129769E-7</td>\n",
        "        <td>Nigeria</td>\n",
        "    </tr>\n",
        "    <tr>\n",
        "        <td>49.764</td>\n",
        "        <td>50.236</td>\n",
        "        <td>0.000149964765559936403291653805610720587978</td>\n",
        "        <td>0.000165495097268408781626064555706329192559</td>\n",
        "        <td>Slovenia</td>\n",
        "    </tr>\n",
        "    <tr>\n",
        "        <td>50.661</td>\n",
        "        <td>49.339</td>\n",
        "        <td>0.0000109256388735006904163334292936290013779</td>\n",
        "        <td>0.00000277989628142325259113809147707720153403</td>\n",
        "        <td>Guatemala</td>\n",
        "    </tr>\n",
        "    <tr>\n",
        "        <td>52.735</td>\n",
        "        <td>47.265</td>\n",
        "        <td>0.00000806806575419545209695977524916619049635</td>\n",
        "        <td>0.00000150552423164412742479153700821761449454</td>\n",
        "        <td>Ghana</td>\n",
        "    </tr>\n",
        "    <tr>\n",
        "        <td>52.976</td>\n",
        "        <td>47.024</td>\n",
        "        <td>0.00000794493028323676459739065789697695402722</td>\n",
        "        <td>0.0000022699800809247898849687593991362725792</td>\n",
        "        <td>Fiji</td>\n",
        "    </tr>\n",
        "    <tr>\n",
        "        <td>53.168</td>\n",
        "        <td>46.832</td>\n",
        "        <td>0.00002010859155137102358956224491299415049585</td>\n",
        "        <td>0.00000419705609335631879061132475798965654423</td>\n",
        "        <td>China</td>\n",
        "    </tr>\n",
        "    <tr>\n",
        "        <td>53.25</td>\n",
        "        <td>46.75</td>\n",
        "        <td>0.0000120428010135185384317460097774063482367</td>\n",
        "        <td>0.00000916690823417082776147830594996602626972</td>\n",
        "        <td>Cameroon</td>\n",
        "    </tr>\n",
        "    <tr>\n",
        "        <td>53.309</td>\n",
        "        <td>46.691</td>\n",
        "        <td>0.00003886617972257588956644106412919654225021</td>\n",
        "        <td>0.00001742277022046505394357702874757086376734</td>\n",
        "        <td>Georgia</td>\n",
        "    </tr>\n",
        "    <tr>\n",
        "        <td>53.361</td>\n",
        "        <td>46.639</td>\n",
        "        <td>0.00002165809694704178568837649261852144104643</td>\n",
        "        <td>0.00001449742532769463703259889885304822747551</td>\n",
        "        <td>Kazakhstan</td>\n",
        "    </tr>\n",
        "    <tr>\n",
        "        <td>53.537</td>\n",
        "        <td>46.463</td>\n",
        "        <td>0.00002408094754947338055010269597939560032445</td>\n",
        "        <td>0.00000617460193576240526925710153317835905751</td>\n",
        "        <td>Honduras</td>\n",
        "    </tr>\n",
        "    <tr>\n",
        "        <td>54.1</td>\n",
        "        <td>45.9</td>\n",
        "        <td>9.557591818191665397630864140106649981235E-7</td>\n",
        "        <td>0.00000371684126263009209907866938781925277047</td>\n",
        "        <td>Azerbaijan</td>\n",
        "    </tr>\n",
        "    <tr>\n",
        "        <td>54.235</td>\n",
        "        <td>45.765</td>\n",
        "        <td>0.00001602918835052689194388521778732983826898</td>\n",
        "        <td>0.00001693083019524402961572876128786714167161</td>\n",
        "        <td>Romania</td>\n",
        "    </tr>\n",
        "    <tr>\n",
        "        <td>54.336</td>\n",
        "        <td>45.664</td>\n",
        "        <td>0.00002136279926335174953959484346224677716393</td>\n",
        "        <td>0.00000147329650092081031307550644567219152855</td>\n",
        "        <td>Jamaica</td>\n",
        "    </tr>\n",
        "    <tr>\n",
        "        <td>55.373</td>\n",
        "        <td>44.627</td>\n",
        "        <td>0.00001996098256052225747266601674824147931261</td>\n",
        "        <td>0.00001786717320102691577972902198443992553856</td>\n",
        "        <td>Serbia</td>\n",
        "    </tr>\n",
        "    <tr>\n",
        "        <td>55.383</td>\n",
        "        <td>44.617</td>\n",
        "        <td>0.00000757133277089147035282410712354251844161</td>\n",
        "        <td>0.00002740101383751198794355391149472530483627</td>\n",
        "        <td>Albania</td>\n",
        "    </tr>\n",
        "    <tr>\n",
        "        <td>58.146</td>\n",
        "        <td>41.854</td>\n",
        "        <td>0.000146863453827149773422418434866469379547</td>\n",
        "        <td>0.00000756519471002115294225223740633548875598</td>\n",
        "        <td>Nicaragua</td>\n",
        "    </tr>\n",
        "    <tr>\n",
        "        <td>58.359</td>\n",
        "        <td>41.641</td>\n",
        "        <td>0.000291344322430455945634538058174806593458</td>\n",
        "        <td>0.00001222752604227902273849554400733651562539</td>\n",
        "        <td>Croatia</td>\n",
        "    </tr>\n",
        "    <tr>\n",
        "        <td>59.174</td>\n",
        "        <td>40.826</td>\n",
        "        <td>0.000134954452872155647468979219513414222699</td>\n",
        "        <td>0.00005174724118845183868091577915982767580648</td>\n",
        "        <td>Paraguay</td>\n",
        "    </tr>\n",
        "    <tr>\n",
        "        <td>60.617</td>\n",
        "        <td>39.383</td>\n",
        "        <td>0.00003989024343559587835422250684356445408175</td>\n",
        "        <td>0.00000638451521480584650301804598797453201307</td>\n",
        "        <td>Poland</td>\n",
        "    </tr>\n",
        "    <tr>\n",
        "        <td>62.338</td>\n",
        "        <td>37.662</td>\n",
        "        <td>0.00006395912123035551519789181558434257767304</td>\n",
        "        <td>0.00004110974907182790961897381270742497518595</td>\n",
        "        <td>Portugal</td>\n",
        "    </tr>\n",
        "    <tr>\n",
        "        <td>62.667</td>\n",
        "        <td>37.333</td>\n",
        "        <td>0.000181925762537699000344048601162801578403</td>\n",
        "        <td>0.000133832947321393403363145801094644701818</td>\n",
        "        <td>Ireland</td>\n",
        "    </tr>\n",
        "    <tr>\n",
        "        <td>62.975</td>\n",
        "        <td>37.025</td>\n",
        "        <td>0.00000739106742467662400228988707120890314543</td>\n",
        "        <td>0.00000839894025531434545714759894455557175616</td>\n",
        "        <td>Armenia</td>\n",
        "    </tr>\n",
        "    <tr>\n",
        "        <td>63.298</td>\n",
        "        <td>36.702</td>\n",
        "        <td>0.00007453355528617009230850563208076717839595</td>\n",
        "        <td>0.00000578222807420415890884400044275346396767</td>\n",
        "        <td>Ecuador</td>\n",
        "    </tr>\n",
        "    <tr>\n",
        "        <td>63.788</td>\n",
        "        <td>36.212</td>\n",
        "        <td>0.00002193198062337823431361799899139313205497</td>\n",
        "        <td>0.00000377486757717353430526987934447386093888</td>\n",
        "        <td>South Africa</td>\n",
        "    </tr>\n",
        "    <tr>\n",
        "        <td>65.775</td>\n",
        "        <td>34.225</td>\n",
        "        <td>0.00003564413526223831921184192803859155827012</td>\n",
        "        <td>4.731522379943139718386096642290914814616E-7</td>\n",
        "        <td>El Salvador</td>\n",
        "    </tr>\n",
        "    <tr>\n",
        "        <td>65.884</td>\n",
        "        <td>34.116</td>\n",
        "        <td>0.00009735907892882827109393605172469543129833</td>\n",
        "        <td>0.0000647880416144566313097828998749791415549</td>\n",
        "        <td>Austria</td>\n",
        "    </tr>\n",
        "    <tr>\n",
        "        <td>65.994</td>\n",
        "        <td>34.006</td>\n",
        "        <td>0.00004865210381530833270792951655853650331116</td>\n",
        "        <td>0</td>\n",
        "        <td>Panama</td>\n",
        "    </tr>\n",
        "    <tr>\n",
        "        <td>66.554</td>\n",
        "        <td>33.446</td>\n",
        "        <td>0.000191805409859745254000089982784872473082</td>\n",
        "        <td>0.0000612288874508181498659899239577811598375</td>\n",
        "        <td>Lithuania</td>\n",
        "    </tr>\n",
        "    <tr>\n",
        "        <td>67.476</td>\n",
        "        <td>32.524</td>\n",
        "        <td>0.00093027414031593560099037193581952781013</td>\n",
        "        <td>0.000507602867807200311912525423602540001044</td>\n",
        "        <td>Latvia</td>\n",
        "    </tr>\n",
        "    <tr>\n",
        "        <td>67.696</td>\n",
        "        <td>32.304</td>\n",
        "        <td>0.00007009520953594722243046705150311117774943</td>\n",
        "        <td>0.00003158032836044681010570507534297923382564</td>\n",
        "        <td>Bolivia</td>\n",
        "    </tr>\n",
        "    <tr>\n",
        "        <td>67.721</td>\n",
        "        <td>32.279</td>\n",
        "        <td>0.000352556069248957430553248800403438893804</td>\n",
        "        <td>0.000166086370952399646085042261432026887875</td>\n",
        "        <td>Estonia</td>\n",
        "    </tr>\n",
        "    <tr>\n",
        "        <td>68.686</td>\n",
        "        <td>31.314</td>\n",
        "        <td>0.00001113133600952267410525159552074370428098</td>\n",
        "        <td>0.00001541004774891877706462758418937792094152</td>\n",
        "        <td>Italy</td>\n",
        "    </tr>\n",
        "    <tr>\n",
        "        <td>69.274</td>\n",
        "        <td>30.726</td>\n",
        "        <td>0.00000800182898948331047096479195244627343393</td>\n",
        "        <td>0.00000237416904083570750237416904083570750237</td>\n",
        "        <td>Ukraine</td>\n",
        "    </tr>\n",
        "    <tr>\n",
        "        <td>69.51</td>\n",
        "        <td>30.49</td>\n",
        "        <td>0.00000464188684640766672395061093607116920511</td>\n",
        "        <td>0.00000334113833450222165295346171772155585641</td>\n",
        "        <td>Algeria</td>\n",
        "    </tr>\n",
        "    <tr>\n",
        "        <td>70.306</td>\n",
        "        <td>29.694</td>\n",
        "        <td>0.00001798479920729471538903697159422211045151</td>\n",
        "        <td>0.00000848720861467840501505115513435200717937</td>\n",
        "        <td>Hungary</td>\n",
        "    </tr>\n",
        "    <tr>\n",
        "        <td>70.366</td>\n",
        "        <td>29.634</td>\n",
        "        <td>0.000143004424331463121941563320140059801211</td>\n",
        "        <td>0.00000140891058454643469893165832650305222867</td>\n",
        "        <td>Mongolia</td>\n",
        "    </tr>\n",
        "    <tr>\n",
        "        <td>72.37</td>\n",
        "        <td>27.63</td>\n",
        "        <td>0.00001668164878907711260303770689198049218633</td>\n",
        "        <td>4.537408470628974628026256274618693874671E-7</td>\n",
        "        <td>Turkey</td>\n",
        "    </tr>\n",
        "    <tr>\n",
        "        <td>73.06</td>\n",
        "        <td>26.94</td>\n",
        "        <td>0.00007527466699513794082726859027656596969169</td>\n",
        "        <td>0.00002262041760712478524859838950230138988211</td>\n",
        "        <td>Czech Republic</td>\n",
        "    </tr>\n",
        "    <tr>\n",
        "        <td>73.284</td>\n",
        "        <td>26.716</td>\n",
        "        <td>8.412702979594315906755619222891705125344E-7</td>\n",
        "        <td>5.38412990694036218032359630265069128022E-7</td>\n",
        "        <td>Malaysia</td>\n",
        "    </tr>\n",
        "    <tr>\n",
        "        <td>73.3</td>\n",
        "        <td>26.7</td>\n",
        "        <td>0.00001169974597786820993198318264748734190716</td>\n",
        "        <td>0.00003468630572262104591599720031960953130128</td>\n",
        "        <td>Bulgaria</td>\n",
        "    </tr>\n",
        "    <tr>\n",
        "        <td>73.787</td>\n",
        "        <td>26.213</td>\n",
        "        <td>0.000211842332879043719951365356007722345977</td>\n",
        "        <td>0.000171379457381703009423271622704845472649</td>\n",
        "        <td>Switzerland</td>\n",
        "    </tr>\n",
        "    <tr>\n",
        "        <td>73.851</td>\n",
        "        <td>26.149</td>\n",
        "        <td>0.00007551923691410404920183163104248581815704</td>\n",
        "        <td>0.00002436936158425965304593570303179596808116</td>\n",
        "        <td>Russian Federation</td>\n",
        "    </tr>\n",
        "    <tr>\n",
        "        <td>74.89</td>\n",
        "        <td>25.11</td>\n",
        "        <td>0.00001763791197486217993577617008444417035257</td>\n",
        "        <td>0.00000968720763176326478891785431501469553119</td>\n",
        "        <td>Germany</td>\n",
        "    </tr>\n",
        "    <tr>\n",
        "        <td>74.956</td>\n",
        "        <td>25.044</td>\n",
        "        <td>0.000110833662071448304511792085901835035998</td>\n",
        "        <td>0.00000205247522354533897244059418336731548147</td>\n",
        "        <td>Costa Rica</td>\n",
        "    </tr>\n",
        "    <tr>\n",
        "        <td>75.877</td>\n",
        "        <td>24.123</td>\n",
        "        <td>0.00004098880202831185294739066131417705472217</td>\n",
        "        <td>0.00000750052820621170504965138390027466723012</td>\n",
        "        <td>Belarus</td>\n",
        "    </tr>\n",
        "    <tr>\n",
        "        <td>75.883</td>\n",
        "        <td>24.117</td>\n",
        "        <td>0.00001788027479747329366768205518858567957614</td>\n",
        "        <td>7.45011449894720569486752299524403315674E-7</td>\n",
        "        <td>Colombia</td>\n",
        "    </tr>\n",
        "    <tr>\n",
        "        <td>76.872</td>\n",
        "        <td>23.128</td>\n",
        "        <td>0.00007110122302092497453981486519749585220674</td>\n",
        "        <td>0.00001438002263344550046872660195005534089577</td>\n",
        "        <td>Cuba</td>\n",
        "    </tr>\n",
        "    <tr>\n",
        "        <td>77.082</td>\n",
        "        <td>22.918</td>\n",
        "        <td>0.00002018500809466884139303084720996570374889</td>\n",
        "        <td>0.0000020185008094668841393030847209965703749</td>\n",
        "        <td>Dominican Republic</td>\n",
        "    </tr>\n",
        "    <tr>\n",
        "        <td>77.343</td>\n",
        "        <td>22.657</td>\n",
        "        <td>0.00003607579470081020071194402486945638309522</td>\n",
        "        <td>0.00000172221130481254727016818209175796803722</td>\n",
        "        <td>Greece</td>\n",
        "    </tr>\n",
        "    <tr>\n",
        "        <td>77.954</td>\n",
        "        <td>22.046</td>\n",
        "        <td>0.00005122532053108542404903040114133701312857</td>\n",
        "        <td>0.0000096129778888669304770674017566005191732</td>\n",
        "        <td>Peru</td>\n",
        "    </tr>\n",
        "    <tr>\n",
        "        <td>78.691</td>\n",
        "        <td>21.309</td>\n",
        "        <td>0.00002506286171989482524576338930457825812767</td>\n",
        "        <td>0.00000395643348741979628798091338010954890214</td>\n",
        "        <td>Mexico</td>\n",
        "    </tr>\n",
        "    <tr>\n",
        "        <td>79.055</td>\n",
        "        <td>20.945</td>\n",
        "        <td>0.00007987463952479769066878381410854200204286</td>\n",
        "        <td>0.00008061674368420517774553208996961871006337</td>\n",
        "        <td>France</td>\n",
        "    </tr>\n",
        "    <tr>\n",
        "        <td>79.129</td>\n",
        "        <td>20.871</td>\n",
        "        <td>0.00003269205386510006630377272089704594815647</td>\n",
        "        <td>0.00007921123870920966884750177292759657602508</td>\n",
        "        <td>Spain</td>\n",
        "    </tr>\n",
        "    <tr>\n",
        "        <td>79.939</td>\n",
        "        <td>20.061</td>\n",
        "        <td>0.00147653805227578040946542123720789348943</td>\n",
        "        <td>0.000924631062175095737964159482631451617661</td>\n",
        "        <td>Norway</td>\n",
        "    </tr>\n",
        "    <tr>\n",
        "        <td>81.472</td>\n",
        "        <td>18.528</td>\n",
        "        <td>0.000596018511018051382683305770380732813507</td>\n",
        "        <td>0.000121820438209988741208904729875479772854</td>\n",
        "        <td>Canada</td>\n",
        "    </tr>\n",
        "    <tr>\n",
        "        <td>83.952</td>\n",
        "        <td>16.048</td>\n",
        "        <td>0.00004154864675505988060830895720801918297347</td>\n",
        "        <td>0.0000066183685096555562030934622101269495002</td>\n",
        "        <td>Finland</td>\n",
        "    </tr>\n",
        "    <tr>\n",
        "        <td>85.171</td>\n",
        "        <td>14.829</td>\n",
        "        <td>0.00001681956289848982035883314656714343306497</td>\n",
        "        <td>0.00000742156974185589402776999671968613797258</td>\n",
        "        <td>Brazil</td>\n",
        "    </tr>\n",
        "    <tr>\n",
        "        <td>85.514</td>\n",
        "        <td>14.486</td>\n",
        "        <td>0.000582952273805760969552210923641591935077</td>\n",
        "        <td>0.000308781229437171672355802710269383997087</td>\n",
        "        <td>Sweden</td>\n",
        "    </tr>\n",
        "    <tr>\n",
        "        <td>86.223</td>\n",
        "        <td>13.777</td>\n",
        "        <td>0.00028719692225105126599266350541290149414</td>\n",
        "        <td>0.000201529927529748590856222599982106110764</td>\n",
        "        <td>New Zealand</td>\n",
        "    </tr>\n",
        "    <tr>\n",
        "        <td>87.324</td>\n",
        "        <td>12.676</td>\n",
        "        <td>0.000322959556485501734504799503215879135814</td>\n",
        "        <td>0.000228013365858489917355843002822021673383</td>\n",
        "        <td>Denmark</td>\n",
        "    </tr>\n",
        "    <tr>\n",
        "        <td>89.153</td>\n",
        "        <td>10.847</td>\n",
        "        <td>0.00007064143634705091457746996441988854735437</td>\n",
        "        <td>0.00001590945445270179716310217068942410368814</td>\n",
        "        <td>Australia</td>\n",
        "    </tr>\n",
        "    <tr>\n",
        "        <td>89.175</td>\n",
        "        <td>10.825</td>\n",
        "        <td>0.000113793032211430518598832625376084552594</td>\n",
        "        <td>0.00003376900457147189953431691376497272259001</td>\n",
        "        <td>Chile</td>\n",
        "    </tr>\n",
        "    <tr>\n",
        "        <td>89.271</td>\n",
        "        <td>10.729</td>\n",
        "        <td>0.000105687712803637942460181440095061813033</td>\n",
        "        <td>0.00004790462207597327909935025860164682403664</td>\n",
        "        <td>Netherlands</td>\n",
        "    </tr>\n",
        "    <tr>\n",
        "        <td>89.568</td>\n",
        "        <td>10.432</td>\n",
        "        <td>0.000390278386309328757994263644095566658443</td>\n",
        "        <td>0.000283504110809606739297719816937345591511</td>\n",
        "        <td>Luxembourg</td>\n",
        "    </tr>\n",
        "    <tr>\n",
        "        <td>91.452</td>\n",
        "        <td>8.548</td>\n",
        "        <td>0.00015251079675587506767199133065030787107</td>\n",
        "        <td>0.00001269113733485054352087762061731718718265</td>\n",
        "        <td>Argentina</td>\n",
        "    </tr>\n",
        "    <tr>\n",
        "        <td>92.012</td>\n",
        "        <td>7.988</td>\n",
        "        <td>0.000155222473136958086209891555202620542472</td>\n",
        "        <td>0.00001550983944214209494503312901704841551482</td>\n",
        "        <td>Israel</td>\n",
        "    </tr>\n",
        "    <tr>\n",
        "        <td>92.491</td>\n",
        "        <td>7.509</td>\n",
        "        <td>0.0000391868543951013887609164544038842701147</td>\n",
        "        <td>0.00001229791863381338172336576504939534408812</td>\n",
        "        <td>Japan</td>\n",
        "    </tr>\n",
        "    <tr>\n",
        "        <td>93.942</td>\n",
        "        <td>6.058</td>\n",
        "        <td>0.000554176135132290202537445588572206983237</td>\n",
        "        <td>0.000188853319793685488015554083256450424454</td>\n",
        "        <td>Iceland</td>\n",
        "    </tr>\n",
        "    <tr>\n",
        "        <td>95.139</td>\n",
        "        <td>4.861</td>\n",
        "        <td>0.000489035678342098175684295575998979403801</td>\n",
        "        <td>0.000214986699174545574817733803941580317613</td>\n",
        "        <td>Malta</td>\n",
        "    </tr>\n",
        "    <tr>\n",
        "        <td>97.776</td>\n",
        "        <td>2.224</td>\n",
        "        <td>0.00003331803502556198949937017301617898769984</td>\n",
        "        <td>0.00003572979627406111474463289331493725222505</td>\n",
        "        <td>Belgium</td>\n",
        "    </tr>\n",
        "    <tr>\n",
        "        <td>100</td>\n",
        "        <td>0</td>\n",
        "        <td>0.000108349385094088013038968736109053193064</td>\n",
        "        <td>0.00003185657134390280041487627796710623796118</td>\n",
        "        <td>Singapore</td>\n",
        "    </tr>\n",
        "</table>"
       ],
       "metadata": {},
       "output_type": "pyout",
       "prompt_number": 9,
       "text": [
        "[(Decimal('15.437'), Decimal('84.563'), Decimal('0.00000279412295354443278186393866596755049304'), Decimal('0.00000548180312790622050537115585894586096723'), 'Uganda'),\n",
        " (Decimal('18.22'), Decimal('81.78'), Decimal('0.00000157027514024519846314928774002076128059'), Decimal('3.925687850612996157873219350051903201512E-7'), 'Niger'),\n",
        " (Decimal('18.59'), Decimal('81.41'), Decimal('0.00000184908185009693227119238021849686308577'), Decimal('0.00000114770597592223382349871875630839777737'), 'Ethiopia'),\n",
        " (Decimal('20.319'), Decimal('79.681'), Decimal('0.00000832498137285417823877619073827322311361'), Decimal('0.00000991069211054068837949546516461097989717'), 'Cambodia'),\n",
        " (Decimal('22.227'), Decimal('77.773'), Decimal('1.559416011179141500941029591946052938743E-7'), 0, 'Chad'),\n",
        " (Decimal('24.78'), Decimal('75.22'), Decimal('0.00000480230608090767462847680478271808314664'), Decimal('0.00000202914341446803153315921328847242949858'), 'Kenya'),\n",
        " (Decimal('26.869'), Decimal('73.131'), Decimal('0.00000900095970609998435870964279606491628004'), Decimal('0.00000382116213938206883152767854549925691135'), 'Rwanda'),\n",
        " (Decimal('28.186'), Decimal('71.814'), Decimal('0.0000036020419208000737414746015595424320243'), Decimal('0.00000248009443727218192035956172952101877083'), 'Burkina Faso'),\n",
        " (Decimal('31.669'), Decimal('68.331'), Decimal('6.580538514111306789660286279747517898289E-7'), 0, 'Mozambique'),\n",
        " (Decimal('33.832'), Decimal('66.168'), Decimal('0.00001064347157588941363239394663895525427844'), Decimal('0.00001230106141147874854235693832862861355131'), 'Madagascar'),\n",
        " (Decimal('38.363'), Decimal('61.637'), Decimal('0.00000274480203115350305359225965827214712139'), Decimal('0.0000022873350259612525446602163818934559345'), 'Mali'),\n",
        " (Decimal('38.979'), Decimal('61.021'), Decimal('0.00000616108418652124943266683115783494807523'), Decimal('0.00000205369472884041647755561038594498269175'), 'Togo'),\n",
        " (Decimal('39.226'), Decimal('60.774'), Decimal('8.207384183549939880910855496690372327984E-7'), Decimal('1.641476836709987976182171099338074465597E-7'), 'Sierra Leone'),\n",
        " (Decimal('39.486'), Decimal('60.514'), Decimal('0.00002611438570999922440274441302303523849093'), Decimal('0.00000339487014229989917235677369299458100383'), 'Bosnia and Herzegovina'),\n",
        " (Decimal('39.5'), Decimal('60.5'), Decimal('0.00001602974774592503233568371314809732309715'), Decimal('0.00002274491234219092426009175514257052601617'), 'Central African Republic'),\n",
        " (Decimal('39.979'), Decimal('60.021'), Decimal('0.00011339941356303271688794980803099275401'), Decimal('0.00000848567040267591759025474753973415166053'), 'Mauritius'),\n",
        " (Decimal('43.079'), Decimal('56.921'), Decimal('0.00000757078328597466405533605787191649779812'), Decimal('0.00002518877429726149909999660376076890856193'), 'Senegal'),\n",
        " (Decimal('44.633'), Decimal('55.367'), Decimal('0.00000394334695068602752452106272712484252275'), Decimal('0.00000593534695670268060391830059958996915792'), 'Philippines'),\n",
        " (Decimal('46.094'), Decimal('53.906'), Decimal('4.319894649865194807521190019234762917988E-7'), Decimal('6.508641272463560176665259628980376129769E-7'), 'Nigeria'),\n",
        " (Decimal('49.764'), Decimal('50.236'), Decimal('0.000149964765559936403291653805610720587978'), Decimal('0.000165495097268408781626064555706329192559'), 'Slovenia'),\n",
        " (Decimal('50.661'), Decimal('49.339'), Decimal('0.0000109256388735006904163334292936290013779'), Decimal('0.00000277989628142325259113809147707720153403'), 'Guatemala'),\n",
        " (Decimal('52.735'), Decimal('47.265'), Decimal('0.00000806806575419545209695977524916619049635'), Decimal('0.00000150552423164412742479153700821761449454'), 'Ghana'),\n",
        " (Decimal('52.976'), Decimal('47.024'), Decimal('0.00000794493028323676459739065789697695402722'), Decimal('0.0000022699800809247898849687593991362725792'), 'Fiji'),\n",
        " (Decimal('53.168'), Decimal('46.832'), Decimal('0.00002010859155137102358956224491299415049585'), Decimal('0.00000419705609335631879061132475798965654423'), 'China'),\n",
        " (Decimal('53.25'), Decimal('46.75'), Decimal('0.0000120428010135185384317460097774063482367'), Decimal('0.00000916690823417082776147830594996602626972'), 'Cameroon'),\n",
        " (Decimal('53.309'), Decimal('46.691'), Decimal('0.00003886617972257588956644106412919654225021'), Decimal('0.00001742277022046505394357702874757086376734'), 'Georgia'),\n",
        " (Decimal('53.361'), Decimal('46.639'), Decimal('0.00002165809694704178568837649261852144104643'), Decimal('0.00001449742532769463703259889885304822747551'), 'Kazakhstan'),\n",
        " (Decimal('53.537'), Decimal('46.463'), Decimal('0.00002408094754947338055010269597939560032445'), Decimal('0.00000617460193576240526925710153317835905751'), 'Honduras'),\n",
        " (Decimal('54.1'), Decimal('45.9'), Decimal('9.557591818191665397630864140106649981235E-7'), Decimal('0.00000371684126263009209907866938781925277047'), 'Azerbaijan'),\n",
        " (Decimal('54.235'), Decimal('45.765'), Decimal('0.00001602918835052689194388521778732983826898'), Decimal('0.00001693083019524402961572876128786714167161'), 'Romania'),\n",
        " (Decimal('54.336'), Decimal('45.664'), Decimal('0.00002136279926335174953959484346224677716393'), Decimal('0.00000147329650092081031307550644567219152855'), 'Jamaica'),\n",
        " (Decimal('55.373'), Decimal('44.627'), Decimal('0.00001996098256052225747266601674824147931261'), Decimal('0.00001786717320102691577972902198443992553856'), 'Serbia'),\n",
        " (Decimal('55.383'), Decimal('44.617'), Decimal('0.00000757133277089147035282410712354251844161'), Decimal('0.00002740101383751198794355391149472530483627'), 'Albania'),\n",
        " (Decimal('58.146'), Decimal('41.854'), Decimal('0.000146863453827149773422418434866469379547'), Decimal('0.00000756519471002115294225223740633548875598'), 'Nicaragua'),\n",
        " (Decimal('58.359'), Decimal('41.641'), Decimal('0.000291344322430455945634538058174806593458'), Decimal('0.00001222752604227902273849554400733651562539'), 'Croatia'),\n",
        " (Decimal('59.174'), Decimal('40.826'), Decimal('0.000134954452872155647468979219513414222699'), Decimal('0.00005174724118845183868091577915982767580648'), 'Paraguay'),\n",
        " (Decimal('60.617'), Decimal('39.383'), Decimal('0.00003989024343559587835422250684356445408175'), Decimal('0.00000638451521480584650301804598797453201307'), 'Poland'),\n",
        " (Decimal('62.338'), Decimal('37.662'), Decimal('0.00006395912123035551519789181558434257767304'), Decimal('0.00004110974907182790961897381270742497518595'), 'Portugal'),\n",
        " (Decimal('62.667'), Decimal('37.333'), Decimal('0.000181925762537699000344048601162801578403'), Decimal('0.000133832947321393403363145801094644701818'), 'Ireland'),\n",
        " (Decimal('62.975'), Decimal('37.025'), Decimal('0.00000739106742467662400228988707120890314543'), Decimal('0.00000839894025531434545714759894455557175616'), 'Armenia'),\n",
        " (Decimal('63.298'), Decimal('36.702'), Decimal('0.00007453355528617009230850563208076717839595'), Decimal('0.00000578222807420415890884400044275346396767'), 'Ecuador'),\n",
        " (Decimal('63.788'), Decimal('36.212'), Decimal('0.00002193198062337823431361799899139313205497'), Decimal('0.00000377486757717353430526987934447386093888'), 'South Africa'),\n",
        " (Decimal('65.775'), Decimal('34.225'), Decimal('0.00003564413526223831921184192803859155827012'), Decimal('4.731522379943139718386096642290914814616E-7'), 'El Salvador'),\n",
        " (Decimal('65.884'), Decimal('34.116'), Decimal('0.00009735907892882827109393605172469543129833'), Decimal('0.0000647880416144566313097828998749791415549'), 'Austria'),\n",
        " (Decimal('65.994'), Decimal('34.006'), Decimal('0.00004865210381530833270792951655853650331116'), 0, 'Panama'),\n",
        " (Decimal('66.554'), Decimal('33.446'), Decimal('0.000191805409859745254000089982784872473082'), Decimal('0.0000612288874508181498659899239577811598375'), 'Lithuania'),\n",
        " (Decimal('67.476'), Decimal('32.524'), Decimal('0.00093027414031593560099037193581952781013'), Decimal('0.000507602867807200311912525423602540001044'), 'Latvia'),\n",
        " (Decimal('67.696'), Decimal('32.304'), Decimal('0.00007009520953594722243046705150311117774943'), Decimal('0.00003158032836044681010570507534297923382564'), 'Bolivia'),\n",
        " (Decimal('67.721'), Decimal('32.279'), Decimal('0.000352556069248957430553248800403438893804'), Decimal('0.000166086370952399646085042261432026887875'), 'Estonia'),\n",
        " (Decimal('68.686'), Decimal('31.314'), Decimal('0.00001113133600952267410525159552074370428098'), Decimal('0.00001541004774891877706462758418937792094152'), 'Italy'),\n",
        " (Decimal('69.274'), Decimal('30.726'), Decimal('0.00000800182898948331047096479195244627343393'), Decimal('0.00000237416904083570750237416904083570750237'), 'Ukraine'),\n",
        " (Decimal('69.51'), Decimal('30.49'), Decimal('0.00000464188684640766672395061093607116920511'), Decimal('0.00000334113833450222165295346171772155585641'), 'Algeria'),\n",
        " (Decimal('70.306'), Decimal('29.694'), Decimal('0.00001798479920729471538903697159422211045151'), Decimal('0.00000848720861467840501505115513435200717937'), 'Hungary'),\n",
        " (Decimal('70.366'), Decimal('29.634'), Decimal('0.000143004424331463121941563320140059801211'), Decimal('0.00000140891058454643469893165832650305222867'), 'Mongolia'),\n",
        " (Decimal('72.37'), Decimal('27.63'), Decimal('0.00001668164878907711260303770689198049218633'), Decimal('4.537408470628974628026256274618693874671E-7'), 'Turkey'),\n",
        " (Decimal('73.06'), Decimal('26.94'), Decimal('0.00007527466699513794082726859027656596969169'), Decimal('0.00002262041760712478524859838950230138988211'), 'Czech Republic'),\n",
        " (Decimal('73.284'), Decimal('26.716'), Decimal('8.412702979594315906755619222891705125344E-7'), Decimal('5.38412990694036218032359630265069128022E-7'), 'Malaysia'),\n",
